image: new_map_rcx.pgm
resolution: 0.01523697478991596638685462184874
origin: [-15.000000, -15.000000, 0.000000]
negate: 0
occupied_thresh: 0.65
free_thresh: 0.196
